[gd_scene load_steps=23 format=3 uid="uid://bun8tfid8p1fn"]

[ext_resource type="Script" path="res://levels/main3D.gd" id="1_dv7pc"]
[ext_resource type="Script" path="res://terrain_fixed/lunar_south_pole/dem_shackridge_loader.gd" id="2_0uhdn"]
[ext_resource type="Script" path="res://terrain/main3D_terrain_script.gd" id="2_2x3be"]
[ext_resource type="PackedScene" uid="uid://dmx2l7kepquv7" path="res://static_objects/charge_station.tscn" id="3_47s0a"]
[ext_resource type="Image" uid="uid://vai1yrgyxusp" path="res://terrain_fixed/lunar_south_pole/dem_shackridge_200m_256x256.exr" id="3_vrpp7"]
[ext_resource type="Material" uid="uid://gf66fh5vii5d" path="res://terrain/terrain_shader_material.tres" id="4_2tw1m"]
[ext_resource type="Script" path="res://terrain_fixed/lunar_south_pole/dem_shackzoom_loader.gd" id="4_q1g3g"]
[ext_resource type="PackedScene" uid="uid://dlj1a0fxsprw1" path="res://static_objects/brick_maker.tscn" id="4_vp1iq"]
[ext_resource type="Environment" uid="uid://cw6e84ra2jvqc" path="res://terrain/moon_environment.tres" id="4_wv3d2"]
[ext_resource type="PackedScene" uid="uid://co1noklregyjs" path="res://static_objects/tool_spawner.tscn" id="5_1rppn"]
[ext_resource type="Script" path="res://util/fps_counter.gd" id="5_8fbcs"]
[ext_resource type="Image" uid="uid://dt35rfvpm0qpo" path="res://terrain_fixed/lunar_south_pole/dem_shackzoom_40m_256x256.exr" id="5_ba4kq"]
[ext_resource type="PackedScene" uid="uid://cxrrmjun8udju" path="res://terrain/dirt_spawner.tscn" id="6_fqn40"]
[ext_resource type="PackedScene" uid="uid://bouvraymofos3" path="res://astra/tool_attachments/bucket_attachment.tscn" id="6_k4qam"]
[ext_resource type="PackedScene" uid="uid://bs7ecxqoqypo7" path="res://astra/tool_attachments/fork/forks.tscn" id="7_5iltw"]
[ext_resource type="PackedScene" uid="uid://c73kovjg5pcd3" path="res://util/ui.tscn" id="7_s8ac7"]
[ext_resource type="PackedScene" uid="uid://bdndtt86s6py8" path="res://astra/tool_attachments/sawblade/saw_blade_attachment.tscn" id="8_5pjry"]
[ext_resource type="PackedScene" uid="uid://bp0u4re76enrq" path="res://objects/madsen_cinderblock.tscn" id="13_pv0wi"]

[sub_resource type="NavigationMesh" id="NavigationMesh_33ek2"]
geometry_parsed_geometry_type = 2
geometry_source_geometry_mode = 1
geometry_source_group_name = &"main_scene"
agent_radius = 1.2
agent_max_climb = 0.23
agent_max_slope = 50.0

[sub_resource type="BoxShape3D" id="BoxShape3D_yxg4e"]
size = Vector3(50, 10, 50)

[sub_resource type="BoxMesh" id="BoxMesh_af3e6"]
size = Vector3(50, 10, 50)

[sub_resource type="BoxShape3D" id="BoxShape3D_yvrwd"]
size = Vector3(281.007, 20, 300)

[node name="main3D" type="Node3D" groups=["main_scene"]]
script = ExtResource("1_dv7pc")

[node name="Terrain_Shackleton_Ridge" type="Node3D" parent="."]
transform = Transform3D(1, 0, 0, 0, 1, 0, 0, 0, 1, -1535.33, -1673, 2017.36)

[node name="Terrain200mFar" type="TerrainStatic256" parent="Terrain_Shackleton_Ridge"]
transform = Transform3D(1, 0, 0, 0, 1, 0, 0, 0, 1, -25600, 0, -25600)
script = ExtResource("2_0uhdn")
dem = ExtResource("3_vrpp7")
pixel_spacing = 200.0
shader = ExtResource("4_2tw1m")

[node name="Terrain40mNear" type="TerrainStatic256" parent="Terrain_Shackleton_Ridge"]
transform = Transform3D(1, 0, 0, 0, 1, 0, 0, 0, 1, -5120, 0, -5120)
script = ExtResource("4_q1g3g")
dem = ExtResource("5_ba4kq")
pixel_spacing = 40.0
shader = ExtResource("4_2tw1m")

[node name="Terrain" type="NavigationRegion3D" parent="."]
transform = Transform3D(1, 0, 0, 0, 1, 0, 0, 0, 1, -12.63, 0, -12.63)
navigation_mesh = SubResource("NavigationMesh_33ek2")
script = ExtResource("2_2x3be")

[node name="TerrainSim" type="TerrainSim" parent="Terrain"]

[node name="Dirtballs" type="Marker3D" parent="Terrain"]

[node name="GroundPlate1" type="StaticBody3D" parent="Terrain"]
transform = Transform3D(1, 0, 0, 0, 1, 0, 0, 0, 1, 12.63, 0.001, 12.36)

[node name="CollisionShape3D" type="CollisionShape3D" parent="Terrain/GroundPlate1"]
transform = Transform3D(1, 0, 0, 0, 1, 0, 0, 0, 1, 0, -5, 0)
shape = SubResource("BoxShape3D_yxg4e")

[node name="MeshInstance3D" type="MeshInstance3D" parent="Terrain/GroundPlate1"]
transform = Transform3D(1, 0, 0, 0, 1, 0, 0, 0, 1, 0, -5, 0)
mesh = SubResource("BoxMesh_af3e6")

[node name="DirectionalLight3D" type="DirectionalLight3D" parent="."]
transform = Transform3D(-4.37114e-08, -0.0871557, 0.996195, 0, 0.996195, 0.0871557, -1, 3.8097e-09, -4.35451e-08, 0, 20, 0)
light_energy = 3.439
shadow_enabled = true

[node name="FPS Counter" type="Node3D" parent="."]
script = ExtResource("5_8fbcs")

[node name="ChargeStation" parent="." instance=ExtResource("3_47s0a")]
transform = Transform3D(-0.566823, 0, 0.823839, 0, 1, 0, -0.823839, 0, -0.566823, 18.7088, 0.44, 22.2356)

[node name="BrickMaker" parent="." instance=ExtResource("4_vp1iq")]
transform = Transform3D(0.82384, 0, 0.566823, 0, 1, 0, -0.566823, 0, 0.82384, 12.0871, 0.0188498, 20.9613)

[node name="ToolSpawner" parent="." instance=ExtResource("5_1rppn")]
transform = Transform3D(-0.823839, 0, -0.566823, 0, 1, 0, 0.566823, 0, -0.823839, 20.3654, 0.196277, 15.1276)
tool_1_scene = ExtResource("6_k4qam")
tool_2_scene = ExtResource("7_5iltw")
tool_3_scene = ExtResource("8_5pjry")

[node name="WorldEnvironment" type="WorldEnvironment" parent="."]
environment = ExtResource("4_wv3d2")

[node name="DirtSpawner" parent="." node_paths=PackedStringArray("terrain") instance=ExtResource("6_fqn40")]
transform = Transform3D(-0.566823, 0, 0.823839, 0, 1, 0, -0.823839, 0, -0.566823, 17.6943, 2.06504, 16.7749)
terrain = NodePath("../Terrain")

[node name="UI" parent="." instance=ExtResource("7_s8ac7")]

[node name="PlayerSpawnpoints" type="Node3D" parent="."]
transform = Transform3D(-0.566823, 0, 0.823839, 0, 1, 0, -0.823839, 0, -0.566823, 16.1844, -1, 18.3322)

[node name="0" type="Marker3D" parent="PlayerSpawnpoints" groups=["PlayerSpawnpoint"]]
transform = Transform3D(-1, 0, 8.74228e-08, 0, 1, 0, -8.74228e-08, 0, -1, 0.338355, 1.97629, 1.2214)

[node name="1" type="Marker3D" parent="PlayerSpawnpoints" groups=["PlayerSpawnpoint"]]
transform = Transform3D(-1, 0, -8.74228e-08, 0, 1, 0, 8.74228e-08, 0, -1, -2.35643, 1.9968, 0)

[node name="2" type="Marker3D" parent="PlayerSpawnpoints" groups=["PlayerSpawnpoint"]]
transform = Transform3D(-1, 0, -8.74228e-08, 0, 1, 0, 8.74228e-08, 0, -1, 3.3881, 2.01702, 0)

[node name="3" type="Marker3D" parent="PlayerSpawnpoints" groups=["PlayerSpawnpoint"]]
transform = Transform3D(-1, 0, -8.74228e-08, 0, 1, 0, 8.74228e-08, 0, -1, 0.58208, 2.0361, -2.03699)

[node name="Objects" type="Node3D" parent="."]

[node name="MadsenCinderblock" parent="Objects" instance=ExtResource("13_pv0wi")]
transform = Transform3D(-0.393043, 0, -0.91952, 0, 1, 0, 0.91952, 0, -0.393043, 19.9073, 0.34, 19.7435)

[node name="MadsenCinderblock3" parent="Objects" instance=ExtResource("13_pv0wi")]
transform = Transform3D(-0.393043, 0, -0.91952, 0, 1, 0, 0.91952, 0, -0.393043, 19.5925, 0.34, 20.4801)

[node name="MadsenCinderblock2" parent="Objects" instance=ExtResource("13_pv0wi")]
transform = Transform3D(-0.393043, 0, -0.91952, 0, 1, 0, 0.91952, 0, -0.393043, 19.7482, 0.774, 20.1159)

[node name="FallenArea3D" type="Area3D" parent="."]
collision_mask = 29

[node name="CollisionShape3D" type="CollisionShape3D" parent="FallenArea3D"]
transform = Transform3D(1, 0, 0, 0, 1, 0, 0, 0, 1, -9.49652, -53.7392, 0)
shape = SubResource("BoxShape3D_yvrwd")

[connection signal="spawn_dirtball" from="Terrain/TerrainSim" to="Terrain" method="_on_terrain_sim_spawn_dirtball"]
[connection signal="body_entered" from="FallenArea3D" to="." method="_on_fallen_area_3d_body_entered"]
