[gd_scene load_steps=14 format=3 uid="uid://bun8tfid8p1fn"]

[ext_resource type="Script" path="res://main3D.gd" id="1_l30dg"]
[ext_resource type="Script" path="res://terrain/main3D_terrain_script.gd" id="2_ojqbc"]
[ext_resource type="Environment" uid="uid://cw6e84ra2jvqc" path="res://terrain/moon_environment.tres" id="3_58k4c"]
[ext_resource type="Script" path="res://util/fps_counter.gd" id="3_qie7w"]
[ext_resource type="PackedScene" uid="uid://dmx2l7kepquv7" path="res://charge_station.tscn" id="4_0colx"]
[ext_resource type="PackedScene" uid="uid://bouvraymofos3" path="res://astra/tool_attachments/bucket_attachment.tscn" id="4_5fymx"]
[ext_resource type="PackedScene" uid="uid://dx0u7xdpcdtrp" path="res://astra/astra_3d.tscn" id="4_7mmlg"]
[ext_resource type="PackedScene" uid="uid://bp0u4re76enrq" path="res://objects/madsen_cinderblock.tscn" id="5_c58wm"]
[ext_resource type="PackedScene" uid="uid://c73kovjg5pcd3" path="res://util/ui.tscn" id="5_pud20"]
[ext_resource type="PackedScene" uid="uid://bs7ecxqoqypo7" path="res://astra/tool_attachments/fork/forks.tscn" id="5_r12xm"]
[ext_resource type="PackedScene" uid="uid://cxrrmjun8udju" path="res://dirt_spawner.tscn" id="6_u4twd"]
[ext_resource type="PackedScene" uid="uid://cfna2d2x5v5v4" path="res://astronaut/suit.tscn" id="12_djw8v"]

[sub_resource type="BoxMesh" id="BoxMesh_848ex"]

[node name="Node3D" type="Node3D"]
script = ExtResource("1_l30dg")

[node name="TerrainScript" type="Node3D" parent="."]
transform = Transform3D(1, 0, 0, 0, 1, 0, 0, 0, 1, -9.50407, 0, -10.2105)
script = ExtResource("2_ojqbc")

[node name="TerrainSim" type="TerrainSim" parent="TerrainScript"]

[node name="Origin Reference Cube" type="MeshInstance3D" parent="."]
transform = Transform3D(1, 0, 0, 0, 1, 0, 0, 0, 1, 0, -0.5, -0.5)
mesh = SubResource("BoxMesh_848ex")

[node name="DirectionalLight3D" type="DirectionalLight3D" parent="."]
transform = Transform3D(0.599329, 0.190394, 0.777531, -0.79152, -0.00415257, 0.611129, 0.119584, -0.981699, 0.148212, 0, 3.917, 0)
light_energy = 3.439
shadow_enabled = true

[node name="Astra3D" parent="." instance=ExtResource("4_7mmlg")]
transform = Transform3D(-1, 0, -8.74228e-08, 0, 1, 0, 8.74228e-08, 0, -1, 0, 1.81706, 0)

[node name="RobotOnboardView" type="Camera3D" parent="Astra3D"]
transform = Transform3D(0.999964, -0.00837551, 0.00118607, 0.00715698, 0.912421, 0.409186, -0.00450847, -0.409164, 0.91245, 0.00451207, 1.17323, -0.082373)
fov = 120.0

[node name="RobotExternalView" type="Camera3D" parent="Astra3D"]
transform = Transform3D(0.745418, -0.249528, 0.618133, -1.51487e-08, 0.927295, 0.374331, -0.666598, -0.279033, 0.691222, 1.21768, 1.2, 1.2)
current = true
fov = 92.1592

[node name="BucketAttachment" parent="." instance=ExtResource("4_5fymx")]
transform = Transform3D(-0.992459, 0, 0.12258, 0, 1, 0, -0.12258, 0, -0.992459, -0.0153055, 1.83186, 1.80138)

[node name="ForkAttachment" parent="." instance=ExtResource("5_r12xm")]
transform = Transform3D(-0.992459, 0, 0.12258, 0, 1, 0, -0.12258, 0, -0.992459, 1.05052, 1.83186, 1.80138)

[node name="MadsenCinderblock" parent="." instance=ExtResource("5_c58wm")]
transform = Transform3D(1, 0, 0, 0, 1, 0, 0, 0, 1, 1.2194, 1.79557, -2.51291)

[node name="MadsenCinderblock2" parent="." instance=ExtResource("5_c58wm")]
transform = Transform3D(1, 0, 0, 0, 1, 0, 0, 0, 1, 0.402055, 1.79557, -2.51291)

[node name="MadsenCinderblock3" parent="." instance=ExtResource("5_c58wm")]
transform = Transform3D(1, 0, 0, 0, 1, 0, 0, 0, 1, -0.416093, 1.79557, -2.51291)

[node name="MadsenCinderblock4" parent="." instance=ExtResource("5_c58wm")]
transform = Transform3D(1, 0, 0, 0, 1, 0, 0, 0, 1, 0.829577, 2.21091, -2.51291)

[node name="MadsenCinderblock6" parent="." instance=ExtResource("5_c58wm")]
transform = Transform3D(1, 0, 0, 0, 1, 0, 0, 0, 1, 2.03719, 1.79557, -2.51291)

[node name="MadsenCinderblock7" parent="." instance=ExtResource("5_c58wm")]
transform = Transform3D(1, 0, 0, 0, 1, 0, 0, 0, 1, 1.64737, 2.21091, -2.51291)

[node name="MadsenCinderblock8" parent="." instance=ExtResource("5_c58wm")]
transform = Transform3D(1, 0, 0, 0, 1, 0, 0, 0, 1, 2.86921, 1.79557, -2.51291)

[node name="MadsenCinderblock9" parent="." instance=ExtResource("5_c58wm")]
transform = Transform3D(1, 0, 0, 0, 1, 0, 0, 0, 1, 2.47939, 2.21091, -2.51291)

[node name="MadsenCinderblock5" parent="." instance=ExtResource("5_c58wm")]
transform = Transform3D(1, 0, 0, 0, 1, 0, 0, 0, 1, 0.0114289, 2.21091, -2.51291)

[node name="ChargeStation" parent="." instance=ExtResource("4_0colx")]
transform = Transform3D(1, 0, 0, 0, 1, 0, 0, 0, 1, -5.99146, 0.511469, -2)
visible = false

[node name="WorldEnvironment" type="WorldEnvironment" parent="."]
environment = ExtResource("3_58k4c")

[node name="FPS Counter" type="Node3D" parent="."]
transform = Transform3D(1, 0, 0, 0, 1, 0, 0, 0, 1, 0.00817108, 0.0168765, -0.0148048)
script = ExtResource("3_qie7w")

[node name="DirtSpawner" parent="." instance=ExtResource("6_u4twd")]
transform = Transform3D(1, 0, 0, 0, 1, 0, 0, 0, 1, 1.51126, 3.57345, 0)

[node name="DirtballDespawn" type="Marker3D" parent="."]
transform = Transform3D(1, 0, 0, 0, 1, 0, 0, 0, 1, 1.11533, 4.08943, 0)

[node name="UI" parent="." instance=ExtResource("5_pud20")]

[node name="suit_maxgrueter" parent="." instance=ExtResource("12_djw8v")]
transform = Transform3D(1, 0, 0, 0, 1, 0, 0, 0, 1, 2.07298, 1.5, 0.29974)
