[gd_scene load_steps=7 format=3 uid="uid://bun8tfid8p1fn"]

[ext_resource type="Script" path="res://main3D.gd" id="1_l30dg"]
[ext_resource type="PackedScene" uid="uid://v6k4sjvue810" path="res://robot/excahauler_static.tscn" id="2_7vjad"]
[ext_resource type="Environment" uid="uid://cw6e84ra2jvqc" path="res://terrain/moon_environment.tres" id="3_58k4c"]
[ext_resource type="Script" path="res://util/fps_counter.gd" id="3_qie7w"]

[sub_resource type="GDScript" id="GDScript_wq2bh"]
script/source = "@tool   #<- allows you to see terrain in editor, though has weird side effects
extends Node3D

@export var shader : ShaderMaterial # renders the terrain


# Called when the node enters the scene tree for the first time.
func _ready():
	var terrain = $TerrainSim # Source of height data
	terrain.add_mesh(shader)
	terrain.add_static_collider();
	terrain.fill_heights(100,100,40);
"

[sub_resource type="BoxMesh" id="BoxMesh_848ex"]

[node name="Node3D" type="Node3D"]
script = ExtResource("1_l30dg")

[node name="TerrainScript" type="Node3D" parent="."]
transform = Transform3D(1, 0, 0, 0, 1, 0, 0, 0, 1, -9.50407, 0, -10.2105)
script = SubResource("GDScript_wq2bh")

[node name="TerrainSim" type="TerrainSim" parent="TerrainScript"]

[node name="Origin Reference Cube" type="MeshInstance3D" parent="."]
transform = Transform3D(1, 0, 0, 0, 1, 0, 0, 0, 1, 0, -0.5, -0.5)
mesh = SubResource("BoxMesh_848ex")

[node name="DirectionalLight3D" type="DirectionalLight3D" parent="."]
transform = Transform3D(0.599329, 0.190394, 0.777531, -0.79152, -0.00415257, 0.611129, 0.119584, -0.981699, 0.148212, 0, 3.917, 0)
light_energy = 3.439
shadow_enabled = true

[node name="DemoRobot3D" parent="." instance=ExtResource("2_7vjad")]
transform = Transform3D(0.990565, 0.136323, -0.0140707, -0.108887, 0.845211, 0.523224, 0.08322, -0.516755, 0.852079, 0, 3.20659, 2.99215)

[node name="RobotOnboardView" type="Camera3D" parent="DemoRobot3D"]
transform = Transform3D(0.999964, -0.00837551, 0.00118607, 0.00715698, 0.912421, 0.409186, -0.00450847, -0.409164, 0.91245, 0.00451207, 1.17323, -0.082373)
fov = 120.0

[node name="WorldEnvironment" type="WorldEnvironment" parent="."]
environment = ExtResource("3_58k4c")

[node name="FPS Counter" type="Node3D" parent="."]
script = ExtResource("3_qie7w")
